0 0.248047 0.370117 0.093750 0.123047
0 0.301758 0.465820 0.068359 0.072266
0 0.879883 0.289062 0.060547 0.089844
0 0.766602 0.333008 0.052734 0.072266
0 0.324219 0.112305 0.046875 0.095703
0 0.099609 0.134766 0.039062 0.089844
0 0.027344 0.340820 0.050781 0.158203
0 0.427734 0.395508 0.042969 0.080078
0 0.530273 0.389648 0.048828 0.068359
0 0.612305 0.348633 0.029297 0.080078
0 0.523438 0.074219 0.093750 0.085938
0 0.857422 0.519531 0.031250 0.050781
0 0.823242 0.597656 0.052734 0.066406
0 0.888672 0.649414 0.035156 0.087891
0 0.965820 0.570312 0.041016 0.078125
