0 0.601562 0.165039 0.046875 0.072266
0 0.715820 0.250977 0.044922 0.068359
0 0.643555 0.336914 0.076172 0.076172
0 0.507812 0.169922 0.050781 0.066406
0 0.918945 0.061523 0.068359 0.076172
0 0.913086 0.333984 0.052734 0.058594
0 0.576172 0.675781 0.062500 0.066406
0 0.611328 0.577148 0.046875 0.064453
0 0.524414 0.582031 0.060547 0.062500
0 0.457031 0.541016 0.042969 0.046875
0 0.382812 0.443359 0.039062 0.050781
0 0.208008 0.624023 0.048828 0.060547
0 0.085938 0.669922 0.058594 0.050781
0 0.293945 0.953125 0.056641 0.062500
0 0.219727 0.879883 0.044922 0.048828
0 0.124023 0.213867 0.076172 0.064453
0 0.116211 0.125000 0.064453 0.050781
0 0.079102 0.034180 0.064453 0.044922
0 0.323242 0.074219 0.052734 0.039062
0 0.242188 0.149414 0.054688 0.056641
0 0.583984 0.467773 0.050781 0.064453
0 0.742188 0.684570 0.046875 0.064453
0 0.820312 0.710938 0.046875 0.062500
0 0.909180 0.660156 0.044922 0.054688
0 0.968750 0.755859 0.046875 0.058594
0 0.686523 0.726562 0.037109 0.046875
0 0.386719 0.533203 0.046875 0.050781
0 0.180664 0.466797 0.060547 0.066406
0 0.847656 0.196289 0.074219 0.060547
0 0.785156 0.387695 0.058594 0.072266
