0 0.586914 0.129883 0.048828 0.064453
0 0.882812 0.094727 0.046875 0.056641
0 0.740234 0.086914 0.035156 0.044922
0 0.480469 0.072266 0.050781 0.035156
0 0.195312 0.226562 0.039062 0.046875
0 0.268555 0.236328 0.044922 0.054688
0 0.338867 0.413086 0.048828 0.064453
0 0.268555 0.534180 0.044922 0.056641
0 0.116211 0.611328 0.029297 0.050781
0 0.181641 0.651367 0.046875 0.056641
0 0.288086 0.639648 0.033203 0.052734
0 0.071289 0.107422 0.029297 0.035156
0 0.889648 0.301758 0.033203 0.033203
0 0.943359 0.451172 0.031250 0.046875
0 0.409180 0.319336 0.052734 0.052734
