0 0.209961 0.301758 0.326172 0.181641
0 0.225586 0.347656 0.349609 0.167969
0 0.303711 0.357422 0.494141 0.269531
0 0.629883 0.167969 0.181641 0.105469
0 0.630859 0.197266 0.164062 0.082031
0 0.790039 0.117188 0.158203 0.082031
0 0.644531 0.261719 0.292969 0.164062
0 0.422852 0.374023 0.134766 0.080078
0 0.426758 0.386719 0.126953 0.070312
0 0.194336 0.503906 0.302734 0.164062
0 0.629883 0.549805 0.087891 0.056641
0 0.557617 0.585938 0.099609 0.050781
0 0.847656 0.470703 0.304688 0.226562
0 0.675781 0.433594 0.382812 0.214844
0 0.925781 0.313477 0.113281 0.060547
0 0.882812 0.140625 0.152344 0.093750
0 0.891602 0.158203 0.166016 0.074219
0 0.904297 0.179688 0.152344 0.082031
