0 0.255859 0.430664 0.335938 0.208984
0 0.258789 0.311523 0.431641 0.259766
0 0.543945 0.163086 0.166016 0.119141
0 0.437500 0.052734 0.328125 0.101562
0 0.146484 0.194336 0.242188 0.158203
0 0.479492 0.685547 0.271484 0.191406
0 0.216797 0.854492 0.242188 0.142578
0 0.035156 0.958984 0.066406 0.082031
0 0.424805 0.963867 0.068359 0.072266
0 0.453125 0.956055 0.066406 0.076172
0 0.474609 0.949219 0.062500 0.101562
0 0.494141 0.950195 0.070312 0.095703
0 0.628906 0.412109 0.039062 0.082031
0 0.450195 0.083008 0.322266 0.162109
0 0.525391 0.272461 0.222656 0.130859
