0 0.390625 0.208984 0.398438 0.214844
0 0.537109 0.402344 0.406250 0.210938
0 0.803711 0.237305 0.138672 0.080078
0 0.727539 0.139648 0.271484 0.138672
0 0.739258 0.164062 0.267578 0.148438
0 0.188477 0.405273 0.146484 0.080078
0 0.208008 0.438477 0.166016 0.091797
0 0.065430 0.513672 0.126953 0.082031
0 0.061523 0.476562 0.119141 0.082031
0 0.420898 0.303711 0.294922 0.154297
0 0.387695 0.050781 0.208984 0.097656
0 0.541016 0.506836 0.093750 0.060547
0 0.927734 0.557617 0.082031 0.119141
0 0.750000 0.815430 0.269531 0.158203
0 0.421875 0.930664 0.312500 0.138672
